因子结构分析 — XAUUSD+ M15 50000 bar
Period: 2024-04-17 13:30:00 → 2026-05-29 14:15:00
Total factors: 22, valid IC: 22

== 相关矩阵 ==
                      rsi_14 macd_hist       adx  bb_width di_spread   stoch_k atr_ratio ema_slope supertren keltner_w obv_slope vol_ma_ra engulfing   pin_bar inside_ba dxy_corr_ slv_gld_r real_yiel hours_to_ hours_to_  hour_utc day_of_we
rsi_14                 +1.00     +0.55     +0.10     +0.07     +0.91     +0.90     -0.04     +0.62     +0.05     -0.03     -0.00     -0.02     +0.17     -0.02     -0.03     -0.02     -0.01     -0.02     +0.00     -0.01     -0.02     +0.02
macd_hist              +0.55     +1.00     +0.02     +0.12     +0.55     +0.52     +0.02     +0.72     -0.01     +0.04     +0.00     -0.02     +0.03     +0.01     -0.02     +0.00     -0.09     +0.00     +0.00     -0.01     -0.03     +0.01
adx                    +0.10     +0.02     +1.00     +0.48     +0.10     +0.06     +0.29     +0.08     -0.20     +0.27     +0.00     +0.13     +0.01     +0.02     +0.02     -0.13     -0.01     +0.01     -0.02     +0.06     +0.12     -0.16
bb_width               +0.07     +0.12     +0.48     +1.00     +0.04     +0.07     +0.86     +0.09     -0.27     +0.86     -0.00     -0.05     +0.00     +0.02     +0.01     -0.15     -0.04     +0.03     +0.06     +0.11     +0.07     -0.12
di_spread              +0.91     +0.55     +0.10     +0.04     +1.00     +0.74     -0.08     +0.64     +0.06     -0.08     -0.00     -0.01     +0.07     -0.09     -0.04     -0.01     -0.01     -0.02     +0.02     -0.02     -0.03     +0.04
stoch_k                +0.90     +0.52     +0.06     +0.07     +0.74     +1.00     +0.00     +0.49     +0.02     +0.01     -0.00     -0.04     +0.19     +0.01     -0.03     -0.01     -0.01     -0.02     -0.01     +0.01     -0.03     -0.00
atr_ratio              -0.04     +0.02     +0.29     +0.86     -0.08     +0.00     +1.00     -0.10     -0.30     +1.00     -0.00     +0.00     -0.01     +0.02     +0.02     -0.09     -0.04     +0.03     +0.07     +0.16     +0.09     -0.11
ema_slope              +0.62     +0.72     +0.08     +0.09     +0.64     +0.49     -0.10     +1.00     +0.04     -0.09     -0.00     +0.00     -0.00     +0.00     -0.01     -0.05     -0.06     -0.02     -0.01     -0.04     +0.01     +0.02
supertrend_str         +0.05     -0.01     -0.20     -0.27     +0.06     +0.02     -0.30     +0.04     +1.00     -0.29     -0.01     -0.25     +0.00     -0.01     -0.01     +0.05     +0.04     -0.01     -0.16     -0.06     -0.19     +0.13
keltner_width          -0.03     +0.04     +0.27     +0.86     -0.08     +0.01     +1.00     -0.09     -0.29     +1.00     -0.00     -0.03     -0.01     +0.02     +0.02     -0.09     -0.04     +0.03     +0.08     +0.16     +0.06     -0.10
obv_slope              -0.00     +0.00     +0.00     -0.00     -0.00     -0.00     -0.00     -0.00     -0.01     -0.00     +1.00     -0.01     +0.00     -0.03     -0.01     +0.01     -0.00     +0.00     +0.02     +0.02     -0.01     +0.01
vol_ma_ratio           -0.02     -0.02     +0.13     -0.05     -0.01     -0.04     +0.00     +0.00     -0.25     -0.03     -0.01     +1.00     -0.01     +0.02     -0.12     -0.02     -0.02     +0.00     -0.01     +0.00     +0.55     -0.02
engulfing              +0.17     +0.03     +0.01     +0.00     +0.07     +0.19     -0.01     -0.00     +0.00     -0.01     +0.00     -0.01     +1.00     -0.00     -0.00     -0.01     +0.00     +0.02     +0.01     -0.00     -0.01     -0.00
pin_bar                -0.02     +0.01     +0.02     +0.02     -0.09     +0.01     +0.02     +0.00     -0.01     +0.02     -0.03     +0.02     -0.00     +1.00     +0.00     -0.01     +0.01     +0.00     +0.01     +0.01     +0.01     -0.04
inside_bar             -0.03     -0.02     +0.02     +0.01     -0.04     -0.03     +0.02     -0.01     -0.01     +0.02     -0.01     -0.12     -0.00     +0.00     +1.00     -0.00     +0.01     +0.02     -0.00     +0.01     -0.02     -0.03
dxy_corr_20            -0.02     +0.00     -0.13     -0.15     -0.01     -0.01     -0.09     -0.05     +0.05     -0.09     +0.01     -0.02     -0.01     -0.01     -0.00     +1.00     -0.08     -0.00     -0.00     -0.02     -0.02     +0.05
slv_gld_ratio          -0.01     -0.09     -0.01     -0.04     -0.01     -0.01     -0.04     -0.06     +0.04     -0.04     -0.00     -0.02     +0.00     +0.01     +0.01     -0.08     +1.00     +0.03     -0.03     +0.01     -0.02     -0.03
real_yield_chg         -0.02     +0.00     +0.01     +0.03     -0.02     -0.02     +0.03     -0.02     -0.01     +0.03     +0.00     +0.00     +0.02     +0.00     +0.02     -0.00     +0.03     +1.00     +0.00     +0.02     +0.01     +0.03
hours_to_fomc          +0.00     +0.00     -0.02     +0.06     +0.02     -0.01     +0.07     -0.01     -0.16     +0.08     +0.02     -0.01     +0.01     +0.01     -0.00     -0.00     -0.03     +0.00     +1.00     -0.06     -0.01     +0.05
hours_to_nfp           -0.01     -0.01     +0.06     +0.11     -0.02     +0.01     +0.16     -0.04     -0.06     +0.16     +0.02     +0.00     -0.00     +0.01     +0.01     -0.02     +0.01     +0.02     -0.06     +1.00     -0.01     -0.13
hour_utc               -0.02     -0.03     +0.12     +0.07     -0.03     -0.03     +0.09     +0.01     -0.19     +0.06     -0.01     +0.55     -0.01     +0.01     -0.02     -0.02     -0.02     +0.01     -0.01     -0.01     +1.00     -0.00
day_of_week            +0.02     +0.01     -0.16     -0.12     +0.04     -0.00     -0.11     +0.02     +0.13     -0.10     +0.01     -0.02     -0.00     -0.04     -0.03     +0.05     -0.03     +0.03     +0.05     -0.13     -0.00     +1.00

冗余对: 7
  rsi_14 ↔ di_spread: +0.907
  rsi_14 ↔ stoch_k: +0.896
  macd_hist ↔ ema_slope: +0.719
  bb_width ↔ atr_ratio: +0.859
  bb_width ↔ keltner_width: +0.857
  di_spread ↔ stoch_k: +0.743
  atr_ratio ↔ keltner_width: +0.996

== 有效因子集 (去冗余后) ==
['dxy_corr_20', 'macd_hist', 'bb_width', 'di_spread']
维数: 4, 90% 方差需 4 PC, 95% 需 4 PC
